3.691596668496388260e-29 -1.124784651425428517e-29
4.449125849986548547e-29 9.399261923190059130e-31
3.467546631112830269e-29 -1.453505028284356485e-30
2.334893965232792497e-29 3.913876012935951987e-32
1.256111362237045097e-29 5.347118908581874814e-31
1.929111034890868475e-30 7.265784138686113142e-31
-8.636374094491985608e-30 5.048868045749338801e-31
-1.950221824901267686e-29 1.777882067139545705e-31
-3.073794357352118318e-29 -2.693798340809632270e-31
-4.091150000172700670e-29 3.411216770841934607e-31
-3.413382034376385753e-29 -1.029342062029775558e-29
2.820774159373310219e+00 -3.967291031518000111e+00
2.803983915505532387e+00 -3.787077653322518334e+00
2.792820131693559915e+00 -3.622927579814217314e+00
2.786962073418553842e+00 -3.462869045184438388e+00
2.788535630885810690e+00 -3.303267371640023153e+00
2.798991442493977910e+00 -3.141512163861951201e+00
2.813533135207876512e+00 -2.942673647322180397e+00
2.825486317275938131e+00 -2.734092412525533256e+00
2.832717760511678673e+00 -2.515476499191081849e+00
2.835573975542024616e+00 -2.292952730743306855e+00
2.836049042013069954e+00 -2.070411295379976480e+00
2.614932806071724958e+00 -2.069936228908931142e+00
2.393189762079154459e+00 -2.067739945003267632e+00
2.167828255574221430e+00 -2.065183089031023655e+00
1.939277741213057071e+00 -2.065270702774311129e+00
1.710537577877861315e+00 -2.070043291463516510e+00
1.485512884422037772e+00 -2.079908165033244494e+00
1.267530681656685809e+00 -2.094708411845489948e+00
1.058906764411920109e+00 -2.114476191868940536e+00
8.609077518036469812e-01 -2.139783104345685416e+00
6.673646011815166368e-01 -2.175957956402551741e+00
-2.860847973920924853e-02 -1.039996941402632907e-02
-5.710011938019188965e-02 -2.398373930642480958e-02
-8.390588787851281649e-02 -4.141337641547437887e-02
-1.101050733680142557e-01 -6.404437849449097497e-02
-1.358984146240019286e-01 -9.179379956352913539e-02
-1.612167629677327962e-01 -1.247759751001449868e-01
-1.859807208747654983e-01 -1.629769516196637180e-01
-2.101438569851699634e-01 -2.062843423335757320e-01
-2.337077029937643380e-01 -2.545682512012494292e-01
-2.566725150155921842e-01 -3.077075901515640699e-01
-2.790404276511156967e-01 -3.655797364597216936e-01
-3.008136252150806489e-01 -4.280644781401817256e-01
-3.219936308224911059e-01 -4.950424506288172433e-01
-3.425818311840498342e-01 -5.663945827632183017e-01
-3.625798462065907279e-01 -6.420021437887192262e-01
-3.819896764414496548e-01 -7.217477784525182516e-01
-4.008132447701476808e-01 -8.055133907999456611e-01
-4.190540088587259016e-01 -8.931818927591171908e-01
-4.367156506496880919e-01 -9.846385571429588923e-01
-4.538029128031386694e-01 -1.079771176648240738e+00
-4.703333001027083515e-01 -1.178474433382754372e+00
-4.863003928459146974e-01 -1.280650264261596449e+00
-5.017088838050732802e-01 -1.386206762720363361e+00
-5.165535289297233934e-01 -1.495055519665877020e+00
-5.308271739534712319e-01 -1.607120274579904917e+00
-5.444886910277636494e-01 -1.722302066017642685e+00
-5.575255149673169486e-01 -1.840479441103647806e+00
-5.699649971565676765e-01 -1.961495055392801445e+00
-5.819925361437697786e-01 -2.085186957371336636e+00
-5.941015918924230643e-01 -2.211548586549771933e+00
-6.073592270167734730e-01 -2.341162366956058172e+00
-6.234798087883086648e-01 -2.476362850345313671e+00
-6.438792664756909367e-01 -2.622893022143442998e+00
-6.665314110403705028e-01 -2.788065976011390834e+00
-6.846455241163555971e-01 -2.972631947377823991e+00
-6.948136126965246406e-01 -3.169782960212704115e+00
-6.978501297746116938e-01 -3.369799580448022969e+00
-6.970317605629899882e-01 -3.567078879656187862e+00
-6.958943731821991552e-01 -3.761659157872769388e+00
-6.956626705024340218e-01 -3.955169872941619147e+00
6.408345026615912543e-01 -2.069231306853228425e+00
6.237401569415601532e-01 -1.953084798093611463e+00
6.087448432270246013e-01 -1.836355004083582543e+00
5.939552677227667443e-01 -1.720794995133236638e+00
5.787730354949555123e-01 -1.607223500598114363e+00
5.630054139607392205e-01 -1.496126930085614370e+00
5.465866716910315892e-01 -1.387828597696275867e+00
5.295086719960315769e-01 -1.282567630393781188e+00
5.117912945096786403e-01 -1.180533591011138084e+00
4.934353452090755043e-01 -1.081879735495779427e+00
4.744550439982078149e-01 -9.867516701402684332e-01
4.548603100277675559e-01 -8.952804013929477334e-01
4.346587160196558330e-01 -8.075920096164606043e-01
4.138567450060135489e-01 -7.238066735281780684e-01
3.924585188993616747e-01 -6.440465447165497626e-01
3.704653431008504971e-01 -5.684282068435082547e-01
3.478790763393880825e-01 -4.970707120801106660e-01
3.247012192063677416e-01 -4.300922934891266980e-01
3.009331159459138760e-01 -3.676110452101247206e-01
2.765764902330227759e-01 -3.097449894063368792e-01
2.516342108944398803e-01 -2.566106262084334455e-01
2.261097088148341927e-01 -2.083245539981266881e-01
2.000095365669000425e-01 -1.650004298187006391e-01
1.733415893069123193e-01 -1.267415434151097087e-01
1.461103946235361439e-01 -9.365214922296279110e-02
1.183214543753377257e-01 -6.579879673804649165e-02
9.000888491381414669e-02 -4.309346887910064233e-02
6.109124292547264690e-02 -2.522186652877261501e-02
3.080174428134847819e-02 -1.159395927371483469e-02
-5.014568473899708723e-01 -3.954938170261853791e+00
-3.078923823324541953e-01 -3.953733041313620689e+00
-1.162937608858892746e-01 -3.951328681235815488e+00
7.194342522543144269e-02 -3.948394939104370671e+00
2.564879150104812933e-01 -3.945503786985896433e+00
4.375934695454801737e-01 -3.942955003244726697e+00
6.156177842129835209e-01 -3.940894118456732098e+00
7.909320785624265326e-01 -3.939381021207263966e+00
9.637922003383714298e-01 -3.938352468210376323e+00
1.134511434598162172e+00 -3.937781002819171317e+00
1.303365399999950602e+00 -3.937718448989512954e+00
1.470601449017351348e+00 -3.938134358490807063e+00
1.636510286739655928e+00 -3.939018352719726668e+00
1.801343442244476067e+00 -3.940414616160017314e+00
1.965336243145470396e+00 -3.942375431627456628e+00
2.128867810627255608e+00 -3.945105740329641897e+00
2.292789399713028864e+00 -3.948945614290647832e+00
2.458818667487832954e+00 -3.954092994144362994e+00
2.630931512721375043e+00 -3.960081275326173156e+00
-2.576561978829452482e-01 -2.687260524917843618e+00
2.299236917197882590e+00 -2.843994133861075468e+00
2.367947338991822637e+00 -3.378131299554353095e+00
-2.115547094589527444e-01 -3.277736207522915723e+00
2.249511405891816640e+00 -3.374079040330471901e+00
2.127361438830479567e+00 -3.370668202340866060e+00
2.004600303965772046e+00 -3.367629459511555012e+00
1.881547003025643150e+00 -3.364589043644344635e+00
1.758196867797417129e+00 -3.361370028943441834e+00
1.634428636419365866e+00 -3.357900789797954477e+00
1.510077481082983564e+00 -3.354176874326962654e+00
1.385021874323742352e+00 -3.350180651754382843e+00
1.259154681024400535e+00 -3.345896547866767268e+00
1.132370445083499710e+00 -3.341334427417509634e+00
1.004514548214259451e+00 -3.336520986385308696e+00
8.754747893676870785e-01 -3.331433800130484624e+00
7.451493925005483465e-01 -3.326049607371787786e+00
6.134519752929163960e-01 -3.320396603285878268e+00
4.802250930674493157e-01 -3.314502708284206012e+00
3.453857684582891663e-01 -3.308353323647592159e+00
2.088607240399282805e-01 -3.301897024230495248e+00
7.058739896383343926e-02 -3.294986710402691532e+00
-6.943549371174528861e-02 -3.287268226651354652e+00
-1.755509435392703932e-01 -2.671927376365838214e+00
-8.868311156241427684e-02 -2.665771367219427646e+00
-1.064842558503760039e-03 -2.663919688612893744e+00
8.738639985619588157e-02 -2.665451640224051566e+00
1.772503608851598578e-01 -2.670173774560322677e+00
2.694604376138058366e-01 -2.678184515918371478e+00
3.653113119854177193e-01 -2.689641478577749822e+00
4.665359765691379224e-01 -2.704591643464822504e+00
5.753142358859507643e-01 -2.722794800765436563e+00
6.935930605010305339e-01 -2.743329175723729030e+00
8.225134793217049323e-01 -2.764533551313370641e+00
9.620215181287125050e-01 -2.784621048753169514e+00
1.110943784838511306e+00 -2.802387434934342281e+00
1.267573776082069781e+00 -2.817251597226078541e+00
1.430225144538644466e+00 -2.829266656710438088e+00
1.597289145453576698e+00 -2.838387401283593903e+00
1.767712700930397673e+00 -2.844755047572482098e+00
1.940796029309562742e+00 -2.848537636223260172e+00
2.116405956066077731e+00 -2.849442686407425818e+00
2.315018067586331441e+00 -2.942481699715321586e+00
2.328305470498875707e+00 -3.037491276945250007e+00
2.340311548543578812e+00 -3.128683777381582320e+00
2.351106342657082848e+00 -3.215699241935674912e+00
2.360402900906803936e+00 -3.298990797021611243e+00
-2.124725914703967933e-01 -3.172664842268105190e+00
-2.160416691937403766e-01 -3.071198014641452367e+00
-2.218852199682281590e-01 -2.972180794223892253e+00
-2.300005485496780522e-01 -2.875696038609444116e+00
-2.411930410114949963e-01 -2.781311343919812273e+00
-3.550375169091942174e-01 -3.765624107741984528e+00
-1.903573212912017532e-01 -3.797928142397427376e+00
-1.574145429132631918e-02 -3.799396819119682522e+00
1.668020096055510548e-01 -3.800957205354433821e+00
3.458414837290937904e-01 -3.805339455747875466e+00
5.199872862794965300e-01 -3.806250260156738285e+00
6.940314648592043056e-01 -3.802107470124230559e+00
8.690243429766382199e-01 -3.801896138350832732e+00
1.040835095256257947e+00 -3.805335728850344434e+00
1.209770235459762588e+00 -3.803899938564050398e+00
1.378647199502159859e+00 -3.805355087481687271e+00
1.545203851455410726e+00 -3.809529113559292135e+00
1.709712440563850855e+00 -3.808968097889851911e+00
1.874909578920938014e+00 -3.811209785200925015e+00
2.039399884731216250e+00 -3.814513160194592079e+00
2.204464699360252578e+00 -3.812302631785234208e+00
2.375485667068061080e+00 -3.811095183200714054e+00
2.558526898965845842e+00 -3.809498993741152972e+00
2.633658811621882645e+00 -3.665222000086629350e+00
2.652689460235133190e+00 -3.526351027923588344e+00
2.652348367767284554e+00 -3.382209139739914328e+00
2.435914361123676652e+00 -3.359475395833611877e+00
2.315055295838273075e+00 -3.456619860109817477e+00
2.200327773497639416e+00 -3.463427134298299404e+00
2.077068871478637391e+00 -3.469928997186787711e+00
1.948480605682234135e+00 -3.468843203118975982e+00
1.825324224085109970e+00 -3.461950456652770569e+00
1.705966371765033296e+00 -3.459088741285035074e+00
1.582028998587275304e+00 -3.460968163790731467e+00
1.453268000651816827e+00 -3.457593910677624116e+00
1.327016096001534695e+00 -3.449075905297153799e+00
1.205843617723963757e+00 -3.445547823001826604e+00
1.078686961509098152e+00 -3.446856952611404346e+00
9.460833545647970855e-01 -3.442764168327381746e+00
8.155903180875184733e-01 -3.433368468027986786e+00
6.899481685673726217e-01 -3.430020134632017381e+00
5.576880671594183214e-01 -3.430837640778696240e+00
4.184504268353785861e-01 -3.428702912645788192e+00
2.764736550398294579e-01 -3.420934377216524602e+00
1.390225785376127954e-01 -3.409437672445567280e+00
6.386451308023142169e-03 -3.403396541034317213e+00
-1.298659782478033264e-01 -3.404042828029612000e+00
-3.054569810633335214e-01 -3.255091063191674738e+00
-3.102566181929270472e-01 -3.130948466723378676e+00
-3.123091725112007722e-01 -3.022458744818272258e+00
-3.166015625844023074e-01 -2.919667481015795207e+00
-3.208422850655198166e-01 -2.817959119150707181e+00
-3.221918436343703673e-01 -2.710482043282651521e+00
-2.229039294021633033e-01 -2.597959447779253583e+00
-1.348140120818049070e-01 -2.582389520409549277e+00
-4.541307880757929766e-02 -2.579616145555243989e+00
4.277514033584720043e-02 -2.579888026626907305e+00
1.314018774047018834e-01 -2.582409343938633750e+00
2.218225977961330864e-01 -2.587150437877303588e+00
3.145117809488462979e-01 -2.593402006007338834e+00
4.121721404370408126e-01 -2.601125234626759930e+00
5.162393319638896028e-01 -2.612223565637143086e+00
6.291288463032581602e-01 -2.626699337735385775e+00
7.516242069328247233e-01 -2.640574880558544280e+00
8.888516094300855652e-01 -2.653593733211092154e+00
1.038775057269304636e+00 -2.666440576119526007e+00
1.198949202435296568e+00 -2.679672496129194670e+00
1.358665541164473689e+00 -2.695110067302609824e+00
1.517695597849449740e+00 -2.702670859120128277e+00
1.688101302447184482e+00 -2.701985039075083250e+00
1.867333520273602776e+00 -2.707188948320220501e+00
2.040875106511993220e+00 -2.718355054494384859e+00
2.207781278220617427e+00 -2.727545262099139389e+00
2.392696409763908516e+00 -2.864901545864135368e+00
2.412111021282758561e+00 -2.981658137238863748e+00
2.423015632872864700e+00 -3.082776256424184069e+00
2.430937742708028093e+00 -3.176241734465096833e+00
2.436509302567359203e+00 -3.266800371460119923e+00
2.636105333940592654e+00 -3.224580918014220199e+00
2.634211875195877184e+00 -3.038564264173781559e+00
2.653881890324937931e+00 -2.834094552610482154e+00
2.653649584849209209e+00 -2.619693447503542494e+00
2.645675012325293451e+00 -2.381962818603404752e+00
2.454156783016437693e+00 -2.282854126239353132e+00
2.254706714915956756e+00 -2.254572138823640604e+00
2.036822119165453859e+00 -2.247261416261853384e+00
1.811487876593008917e+00 -2.242358345260473840e+00
1.584811454600699943e+00 -2.249074870729564690e+00
1.362709101361108344e+00 -2.255076693655242881e+00
1.153326849789193309e+00 -2.259812446907139005e+00
9.609704858787215809e-01 -2.271062563027819170e+00
7.839590743471421819e-01 -2.291087825858300953e+00
5.419638361132573801e-01 -2.120030148046555318e+00
5.302613439689511932e-01 -2.007314746352468759e+00
5.172595315039528741e-01 -1.891954226564678931e+00
5.038301648171645830e-01 -1.776110720308391677e+00
4.902912143095012887e-01 -1.661350763288479859e+00
4.764765822280339069e-01 -1.548853439612571936e+00
4.628040954532395834e-01 -1.439019698751781151e+00
4.486541938187392220e-01 -1.332113757112244112e+00
4.335011520742511060e-01 -1.228331512017600824e+00
4.183587648383244595e-01 -1.127869559260293197e+00
4.027118610459545778e-01 -1.030865407383663168e+00
3.865612647427362214e-01 -9.374540534489768095e-01
3.699100035672425735e-01 -8.477637785598024500e-01
3.527596506291744705e-01 -7.619180520267466727e-01
3.351190634885061748e-01 -6.800374565523165105e-01
3.169837966435731791e-01 -6.022396391782725011e-01
2.983568199451430702e-01 -5.286437727524609942e-01
2.792394619501538111e-01 -4.593680757791170355e-01
2.596326619538405489e-01 -3.945306080867372334e-01
2.395372625319073800e-01 -3.342494259646947574e-01
2.189541770350220407e-01 -2.786424893261272295e-01
1.978857716103074871e-01 -2.278253670685277954e-01
1.763339712686427807e-01 -1.819152819636571661e-01
1.543006496777392378e-01 -1.410222553103026299e-01
1.319046238919905356e-01 -1.054114699683511708e-01
1.089121645233830649e-01 -7.482473923541049787e-02
8.496270976188528834e-02 -4.930282134810044792e-02
5.931656517945643053e-02 -2.810391948138820858e-02
3.303508427696337513e-02 -1.182205125660837353e-02
1.565705652920341973e-02 -4.553776412208892718e-03
1.240738277485160627e-02 -3.465179780015336698e-03
7.605951864225049715e-03 -2.630684573753503362e-03
2.992986434823627188e-03 -2.190020163478745285e-03
-1.506045082865306323e-03 -2.082565778963145920e-03
-5.782046941612747730e-03 -2.392553057943561361e-03
-1.077280194367240783e-02 -3.303977100583909733e-03
-1.719900651432370794e-02 -5.388206173143594499e-03
-3.752414891222431714e-02 -1.506177926646802036e-02
-5.505699535950627638e-02 -2.765721995789703624e-02
-7.683065268314100138e-02 -4.792497904366081057e-02
-9.894138192708480661e-02 -7.334971356448845292e-02
-1.203623353490744646e-01 -1.037582568165862917e-01
-1.411219979074192776e-01 -1.393338074414233740e-01
-1.611658574196653537e-01 -1.801978309714452331e-01
-1.807243630641783838e-01 -2.261030804285196205e-01
-1.997875616942070276e-01 -2.769250264499843461e-01
-2.183579774215127223e-01 -3.325401084982959055e-01
-2.364369018055086924e-01 -3.928272536769123469e-01
-2.540255271984704355e-01 -4.576671865622525814e-01
-2.711245859515092338e-01 -5.269406505051367207e-01
-2.877350660882425082e-01 -6.005286331914583275e-01
-3.038577119361686174e-01 -6.783128139816987368e-01
-3.194946253880723286e-01 -7.601762289483844359e-01
-3.346474705448549969e-01 -8.459999171763135095e-01
-3.493179466260704080e-01 -9.356687306796321879e-01
-3.635087585250988962e-01 -1.029067944440248850e+00
-3.777133662030346950e-01 -1.126102470999259753e+00
-3.909684857555384974e-01 -1.226642354384973821e+00
-4.037489057129670100e-01 -1.330606807665677849e+00
-4.160557877604874610e-01 -1.437907219047650287e+00
-4.284283649539081251e-01 -1.548475745436673101e+00
-4.398098891832625257e-01 -1.662785956908467533e+00
-4.511841383617317680e-01 -1.779617392383431085e+00
-4.620248127212768785e-01 -1.899380421231278371e+00
-4.729955905943674099e-01 -2.022530348896932395e+00
-4.834632683777848050e-01 -2.147691263362096592e+00
-4.942946671010051696e-01 -2.275622676271475520e+00
-5.044906158777440197e-01 -2.407391874463444381e+00
-5.143957131603770216e-01 -2.545118279276350925e+00
-5.242379669302567047e-01 -2.695217136353176279e+00
-5.169159676951426974e-01 -2.870407293370502266e+00
-5.237938304864139250e-01 -3.072249833633003302e+00
-5.469010157130781424e-01 -3.271217130332354728e+00
-5.391685095894701574e-01 -3.465533942628111763e+00
-5.259357849108630134e-01 -3.677554261572388850e+00
2.338868340832299442e+00 -2.753742382963039415e+00
-3.961359913121309528e-01 -2.867197153209726679e+00
2.512006506206746703e+00 -3.224698492805543548e+00
2.502065390750539908e+00 -3.032055819215337067e+00
-3.948558997940885829e-01 -3.076993263302582271e+00
-2.972856871923501010e-01 -2.627632947865476964e+00
2.405404709583606859e+00 -3.437377457490033983e+00
-2.687471229965238129e-01 -3.396030943945800740e+00
2.270404810046905641e+00 -3.540251839224501929e+00
-8.905177164518668365e-02 -2.488861469716223240e+00
-7.952053291283622599e-04 -2.489727408190991031e+00
8.722292756055734231e-02 -2.490752962791315195e+00
1.764504962842332048e-01 -2.494144568774366633e+00
2.666301176298993547e-01 -2.497970072714438050e+00
3.601800525125890551e-01 -2.501545840133581056e+00
4.620474710308322130e-01 -2.503982408307337426e+00
2.159822771453693946e+00 -3.567919284949184977e+00
2.135047551080957895e+00 -2.612080678443192028e+00
5.703578751982789630e-01 -2.514707216952196234e+00
-4.475897613485237819e-02 -3.523901948251320970e+00
6.840302429011250185e-01 -2.527749213137384210e+00
8.129340336492618668e-01 -2.530863411501221183e+00
2.021716579025920169e+00 -3.576266147470424261e+00
1.979514068121790871e+00 -2.574909985104832710e+00
7.470157096166687993e-02 -3.502326712995786906e+00
1.883233368000165386e+00 -3.568718642667003227e+00
1.787325010437873285e+00 -2.560942703259211140e+00
1.128855716073641657e+00 -2.543152670802865334e+00
9.628343856016714497e-01 -2.534820614659484495e+00
1.446018220642351304e+00 -2.590233571240137866e+00
3.470508448991486139e-01 -3.545200011104546522e+00
1.663547285547720023e+00 -3.565081027195132979e+00
6.458291467084854576e-01 -3.542643717134810633e+00
1.387027547547574624e+00 -3.559088448662484971e+00
1.957944099324665232e-01 -3.530481259872193078e+00
8.777492434928797493e-01 -3.547336113571244010e+00
1.162466898671018933e+00 -3.554039047418641406e+00
1.596784127691579513e+00 -2.565873138995703240e+00
1.772216508882011654e+00 -3.544985173723551153e+00
1.302366267571184233e+00 -2.558112351824914477e+00
4.988154383725436625e-01 -3.548865796740399148e+00
1.526158275625260963e+00 -3.568823988358570176e+00
7.603934322718624017e-01 -3.521728137345708110e+00
1.272852418886697645e+00 -3.534545284511881214e+00
1.021290046581143862e+00 -3.557623515197910535e+00
-4.108560272151621229e-01 -2.970757179885771038e+00
2.522856967392633987e+00 -3.132065194280511555e+00
2.513184394932923560e+00 -2.917307004799486680e+00
-4.148534676204352345e-01 -3.192746483816762293e+00
-4.127343232650013682e-01 -2.759101750285130716e+00
2.531286643965839023e+00 -3.319655212005995892e+00
2.478734715385202847e+00 -2.731047923323161264e+00
-4.068069712128060123e-01 -3.355177548417414002e+00
-3.930463649070322640e-01 -2.616653683297448296e+00
2.514688308652639481e+00 -3.449476658657903538e+00
2.479369134757117177e+00 -2.506830201485811926e+00
-3.620145809642796308e-01 -3.551493403653829706e+00
6.397817405263813706e-01 -2.323573731623474359e+00
8.792873631323744332e-01 -2.409957985443243800e+00
2.110209956650806351e+00 -3.687920628713958315e+00
1.050552875274405773e+00 -2.405076621869310038e+00
1.951601976780528824e+00 -3.688675534591264071e+00
1.781756855012412766e+00 -3.667637474889223093e+00
1.614426366018559822e+00 -3.683874417028575543e+00
5.934305938247476098e-01 -3.671206975375183479e+00
4.286127557094125962e-01 -3.673561984908283229e+00
1.239889068410628958e+00 -2.410097980965668185e+00
1.689814741252456232e+00 -2.410215177692986099e+00
1.457495511520047859e+00 -2.434120628620501492e+00
1.455927826691580051e+00 -3.681280561485400948e+00
7.707003050963312507e-01 -3.651696264757847921e+00
9.489202007981134557e-01 -3.673503200908429633e+00
1.283569466133167358e+00 -3.659957147559724788e+00
1.112086526541767650e+00 -3.675930876383083579e+00
2.602801657772089161e-01 -3.666031873909100458e+00
2.282580972510528383e+00 -3.664004403362840279e+00
1.907002937195055425e+00 -2.412643082784959425e+00
7.703113602150669925e-02 -3.640641690600467939e+00
-3.980015113690850148e-01 -2.473860799498221574e+00
2.461921113884496304e+00 -3.677756669228547270e+00
2.136923158632062059e+00 -2.444893551664670373e+00
-1.015558300282183996e-01 -3.659552305180084009e+00
2.531690262751375986e+00 -3.573152593759577389e+00
4.326924614361901678e-01 -2.063588756266243607e+00
-3.924523518442620817e-01 -2.342089605157367416e+00
2.327497884286858998e+00 -2.417670790169638373e+00
-2.411322469479912356e-01 -3.661370903685583933e+00
-3.850548422667107173e-01 -2.212690101044257673e+00
4.238961567958360321e-01 -1.948778689328019675e+00
-3.762850660098699396e-01 -2.085737504044977708e+00
4.124483396612096953e-01 -1.832753046642094485e+00
-3.671280674965380908e-01 -1.960895566257731648e+00
4.010235964430888256e-01 -1.717282056634948040e+00
-3.572688017750306755e-01 -1.838857229918788416e+00
3.892356945478160357e-01 -1.603392532738857623e+00
-3.480431855439047317e-01 -1.719778973287231727e+00
3.776982441622517284e-01 -1.492050780618537242e+00
-3.389254490725723823e-01 -1.603793135623931221e+00
3.663597839904941256e-01 -1.383543992522427546e+00
-3.294421332449640194e-01 -1.491539185010883006e+00
3.540802517429206819e-01 -1.277553789926238137e+00
-3.195855798272524972e-01 -1.382507686517420398e+00
3.419987486027299961e-01 -1.175340127627436893e+00
-3.093167089486123511e-01 -1.276251409456981234e+00
3.295327079541301996e-01 -1.076514722197086771e+00
-2.992381019388363206e-01 -1.173917804507268903e+00
3.166746209966286862e-01 -9.812151678688072476e-01
-2.887740072936259006e-01 -1.075052738557791265e+00
3.034252026374564815e-01 -8.895742044872132492e-01
-2.774744163277276798e-01 -9.797442731592778120e-01
2.897862173338897063e-01 -8.017167073260886845e-01
-2.662612344757180893e-01 -8.881212687455301014e-01
2.753537954697076739e-01 -7.177495149454056200e-01
-2.546642280113993739e-01 -8.002853060857494372e-01
2.609480654478507078e-01 -6.378202430730851580e-01
2.461547425598298311e-01 -5.620338633806739592e-01
-2.426802859362916787e-01 -7.163520098607096820e-01
2.309729457597056168e-01 -4.905084323443802408e-01
2.154026300343943323e-01 -4.233620298058377585e-01
-2.303148830810484160e-01 -6.364385338961011662e-01
1.994438351279893273e-01 -3.607125992786748836e-01
1.830961275109622977e-01 -3.026778768560999811e-01
1.663572621644954785e-01 -2.493761208127024676e-01
-2.175610629419710007e-01 -5.606617126997432976e-01
1.492346765139463127e-01 -2.009225842258464956e-01
1.317204761549655434e-01 -1.574319377886710392e-01
1.139077727404700369e-01 -1.191969752328211479e-01
9.573404436078504498e-02 -8.607402655059258334e-02
7.722753511359055356e-02 -5.841104876393268808e-02
5.695288162089170297e-02 -3.520268665366159400e-02
-2.044197768382788605e-01 -4.891409275040731197e-01
3.302941785027370403e-02 -1.481079282885496007e-02
-1.908916709592831384e-01 -4.219936996335452717e-01
-1.769766314993110878e-01 -3.593402837570419672e-01
-1.626738317538409806e-01 -3.012987395496065646e-01
-1.479835695884849367e-01 -2.479892911661930599e-01
-1.329069323519802004e-01 -1.995334915715215041e-01
2.021462188782066280e-02 -1.155854975863120603e-02
-1.172413386207542957e-01 -1.560400873197863025e-01
1.050510205696106661e-02 -9.987866910789355152e-03
-1.013091350772184068e-01 -1.178241302629360887e-01
1.224506908494595947e-03 -9.342994389283366258e-03
-8.454601966073035935e-02 -8.485504840679267136e-02
-8.047528942378640374e-03 -9.233631921666575482e-03
-6.693086732160750951e-02 -5.724140215279456545e-02
-1.511693534055519490e-02 -9.075786360638897834e-03
-4.805731676885727915e-02 -3.370224041188440295e-02
-2.942020121268794711e-02 -1.409571933159205551e-02
5.359173276175202005e-01 -2.244565780732311833e+00
-1.223105696993987551e-01 -2.401325861187472377e+00
-4.359910901335462691e-02 -2.395469443912220164e+00
4.402446412438835305e-02 -2.396694985242413978e+00
1.327251565590266136e-01 -2.398660137897216327e+00
2.222862053707630459e-01 -2.402788342365969942e+00
3.118637744850943361e-01 -2.408543366605316205e+00
4.044096135655212421e-01 -2.404692049972674273e+00
5.205332044668230518e-01 -2.388030922894023522e+00
6.268345273799824646e-01 -2.434152678046149543e+00
2.303586665389829147e+00 -2.599104120569334597e+00
-2.966453756146120169e-01 -2.533486780585343823e+00
7.342950132970926802e-01 -2.418985514597332909e+00
2.397113518197482307e+00 -3.542989590112951337e+00
-1.920857534366715857e-01 -3.532627128962012808e+00
-2.920272478110907399e-01 -2.409197871922577505e+00
4.352472662411204785e-01 -2.180359415429137915e+00
-2.876318024850115784e-01 -2.279978552683944670e+00
3.298521793858392726e-01 -2.008383112670937720e+00
-2.807835472849104508e-01 -2.151450202840027082e+00
3.211346147528899575e-01 -1.892095367244760462e+00
-2.722706635567601063e-01 -2.024587556236169927e+00
-2.639716945907456536e-01 -1.900693950188147685e+00
3.110758739074880319e-01 -1.775381971916755841e+00
-2.555891201451070405e-01 -1.778650205742282830e+00
3.014440284679391069e-01 -1.659324519302947332e+00
-2.485726428188467507e-01 -1.660971815775800442e+00
2.925933901386293945e-01 -1.546437947252625067e+00
-2.412394460848226452e-01 -1.546483153505977093e+00
2.834015626122904363e-01 -1.435792404439539593e+00
-2.341832504201028231e-01 -1.435234734124307021e+00
2.739876081403012087e-01 -1.328687787426676703e+00
-2.268945087682382455e-01 -1.327804469828443912e+00
2.648246142765594002e-01 -1.224753049393126902e+00
-2.193475408365119506e-01 -1.223702058024501271e+00
2.549021226527727890e-01 -1.124128024726596564e+00
-2.120266873113319794e-01 -1.123021044315345440e+00
2.451425395099528781e-01 -1.026497676912246471e+00
-2.039077361674650757e-01 -1.025369514559243633e+00
2.351480475134757053e-01 -9.329565356125456566e-01
-1.960241284297346842e-01 -9.318377545757732250e-01
2.248680982249136318e-01 -8.431371991878839900e-01
2.142988833110082703e-01 -7.571608313574006432e-01
-1.878508857504221918e-01 -8.420360817988201685e-01
2.034458050732724232e-01 -6.751493513196146212e-01
-1.793906004888407568e-01 -7.560783605312109135e-01
1.923021611821465193e-01 -5.972212946562026614e-01
-1.702532929882546731e-01 -6.740726986445715330e-01
1.808689137862468099e-01 -5.234946602829707585e-01
1.691460728030379224e-01 -4.540876207806956444e-01
-1.612326230778600156e-01 -5.961540233828022117e-01
1.571335037284143088e-01 -3.891181812705803433e-01
-1.519268920072763818e-01 -5.224321515035937891e-01
1.448311141580835848e-01 -3.287040744739055387e-01
1.322392706308288257e-01 -2.729626517407056085e-01
1.191192025107985913e-01 -2.219981591318903602e-01
-1.423334081984059807e-01 -4.530260602198545317e-01
1.059562307402988068e-01 -1.759512338667273412e-01
9.256377429669682133e-02 -1.351187264015992207e-01
7.865043841332371166e-02 -9.920029989993017772e-02
6.524083974355279758e-02 -6.910930607227661060e-02
-1.324589040435612541e-01 -3.880540933612062759e-01
5.182637204705095590e-02 -4.510952280463466357e-02
-1.222968837514604723e-01 -3.276341601792151503e-01
-1.118492832371733164e-01 -2.718862499615173345e-01
-1.011163755822990229e-01 -2.209301925237266706e-01
-9.009676793075492574e-02 -1.748863665513211429e-01
2.204245405091163207e-02 -2.249174750462910530e-02
-7.866778913519036076e-02 -1.340607937821534645e-01
8.753260089293895749e-03 -2.176217216490509976e-02
-6.660389700356665610e-02 -9.847586999691913812e-02
-6.068800654247974435e-03 -2.177461162619691998e-02
-5.452416988085873745e-02 -6.927726689753054001e-02
-2.340000538813267333e-02 -2.209270242311551363e-02
-4.026066627063708270e-02 -4.498907066720233411e-02
8.878298632181470806e-02 -2.302639121202587624e+00
1.807280182729084084e-01 -2.302914268398421616e+00
1.303369078134106358e-03 -2.301829836836715160e+00
2.733068783775789434e-01 -2.313408298773181215e+00
3.510715422724510759e-01 -2.332493302566552185e+00
-1.953586302428020338e-01 -2.347088224673454349e+00
3.354853222873853125e-01 -2.126198383479607656e+00
-1.888044044785947562e-01 -2.220292061266184724e+00
-1.810480029936956947e-01 -2.092396798551428017e+00
2.309432947523977486e-01 -1.954665066280361518e+00
-1.709574065549105681e-01 -1.966385011874934863e+00
2.210098577829506805e-01 -1.836031793705377835e+00
-1.631677892522448436e-01 -1.841168097482645427e+00
2.130546229430956562e-01 -1.717981013724867223e+00
-1.573817308519546154e-01 -1.719944339673268541e+00
2.062812165179491453e-01 -1.602225523764456039e+00
-1.525565797873943419e-01 -1.602662052043868357e+00
1.997691682577792949e-01 -1.489937290965427596e+00
-1.476252150017285381e-01 -1.489785930831021732e+00
1.930633221349559170e-01 -1.381184587365559491e+00
-1.431132645687125393e-01 -1.380703040487176958e+00
1.866588846229294829e-01 -1.275039681367144739e+00
-1.384270476735903199e-01 -1.274376815967806609e+00
1.796078964002945644e-01 -1.172685805214071619e+00
-1.335996795963071970e-01 -1.171946258506605387e+00
1.728805727411195370e-01 -1.073741533599575027e+00
-1.290836031657355554e-01 -1.072973793849105517e+00
1.659360871870942111e-01 -9.778625591207742440e-01
-1.238966449912588946e-01 -9.770900642928852520e-01
1.588422834784480320e-01 -8.861311782696792427e-01
-1.190086790687705370e-01 -8.853685958794603739e-01
1.515622154005456523e-01 -7.981809266985391282e-01
-1.139267689405065315e-01 -7.974316791191328191e-01
1.440949413956020275e-01 -7.141360500900091335e-01
-1.086514890667976269e-01 -7.133972443679759134e-01
1.364385412107698148e-01 -6.341136861895942944e-01
1.285911373841296945e-01 -5.582331352000504676e-01
-1.031904538253984177e-01 -6.333832700918576863e-01
1.205517971085960371e-01 -4.866126038353643102e-01
-9.753902579410896057e-02 -5.575079044390444105e-01
1.123199102762328372e-01 -4.193701992206589346e-01
-9.170114550087182792e-02 -4.858891501916873246e-01
1.038948858798966479e-01 -3.566237842599183638e-01
9.527604090485586319e-02 -2.984909439153137778e-01
-8.536377346544307687e-02 -4.186393526642421814e-01
8.646213562462673474e-02 -2.450874174821005558e-01
7.723774476892718288e-02 -1.965214209633961706e-01
-7.916851887762416107e-02 -3.558890661427275837e-01
6.790178491705574360e-02 -1.531200832369854214e-01
5.822495339754570065e-02 -1.147341126774715780e-01
-7.278988384360213226e-02 -2.977512617215423707e-01
4.801914065794690711e-02 -8.120143001733573507e-02
4.006693667919496854e-02 -5.402430625595466135e-02
-6.622693892618040923e-02 -2.443444914132854306e-01
-5.947861066234224475e-02 -1.957872596571181012e-01
-5.257583449806665921e-02 -1.524052023722177740e-01
2.128999818821471213e-02 -3.782209181388195701e-02
-4.500237430706036101e-02 -1.142189507793349573e-01
2.456796922573951936e-03 -3.916109549984484600e-02
-3.721454795748773553e-02 -8.176485804322088102e-02
-1.844666020424630057e-02 -3.969376776912801608e-02
-3.212895488218698442e-02 -5.864174583990883205e-02
1.339974023647441670e-01 -2.206705799711708771e+00
4.487745749650070420e-02 -2.209282843326670243e+00
-3.097804523959436437e-02 -2.216344857811456848e+00
-1.912442902867410310e-01 -2.480140487387875847e+00
-9.608974359160231404e-02 -2.291762826459375013e+00
-9.709643485818436615e-02 -2.162261667715218216e+00
2.412102316070711960e-01 -2.070707869910817234e+00
3.426269318454180923e-01 -2.240632500067380573e+00
-8.155235694218691822e-02 -2.039033802312204546e+00
1.307201323624200828e-01 -1.904177729718655732e+00
-6.915187156202574903e-02 -1.909104668833258245e+00
1.235318702407080804e-01 -1.779513093790110023e+00
-6.541825794509555092e-02 -1.781779498272110684e+00
1.187676915068730243e-01 -1.660627133391282317e+00
-6.288840993130530299e-02 -1.661102682597961122e+00
1.148368984418379340e-01 -1.546008432547235190e+00
-6.095650704000148828e-02 -1.546088064285935815e+00
1.112373659032316331e-01 -1.434481781099952835e+00
-5.848669458637510005e-02 -1.434318459129003687e+00
1.075354188971069797e-01 -1.327188908746964824e+00
-5.652957403009960247e-02 -1.326892933345469316e+00
1.037021509073881020e-01 -1.222610931658775879e+00
-5.501236344323620631e-02 -1.222250412553379961e+00
9.980264216525409904e-02 -1.121914940441184783e+00
-5.292676200617836557e-02 -1.121525333245900757e+00
9.581228862056609397e-02 -1.024696338239508453e+00
-5.123586092662454905e-02 -1.024300967007008012e+00
9.173659216080577716e-02 -9.310793809360208284e-01
-4.900352975498759034e-02 -9.306840196574125423e-01
8.755134378365804493e-02 -8.407442020914528413e-01
-4.711801806652436697e-02 -8.403552070258428763e-01
8.329648734945759025e-02 -7.547126970219582009e-01
-4.514511267868281941e-02 -7.543294527606413391e-01
7.894906073327306872e-02 -6.726439801098349491e-01
-4.307756323789929676e-02 -6.722659492170738327e-01
7.450719812458943270e-02 -5.946565633989479016e-01
-4.091664706056050843e-02 -5.942816819341649737e-01
6.996920378028134713e-02 -5.208690332166852066e-01
-3.866280705085631264e-02 -5.204959594623018715e-01
6.533373192777430782e-02 -4.514000534033129619e-01
6.059998206517460545e-02 -3.863675446211601860e-01
-3.631559728763560785e-02 -4.510261970173999879e-01
5.576701974078990959e-02 -3.258892165971121746e-01
-3.388283742349330191e-02 -3.859916857077617669e-01
5.083442770231572788e-02 -2.700826796561040521e-01
-3.135896659397615499e-02 -3.255111026743390812e-01
4.580315732189189221e-02 -2.190643627073378952e-01
4.050069899566761250e-02 -1.731618670384119651e-01
-2.874666494130169100e-02 -2.697023563422861203e-01
3.500661536743425450e-02 -1.324096946738188840e-01
2.878329299106607841e-02 -9.680843876658234981e-02
-2.604803487950730148e-02 -2.186829845899407876e-01
1.920298738238796279e-02 -6.325811544924700436e-02
-2.328087507976094039e-02 -1.727892360476031286e-01
-2.026014458148904518e-02 -1.320518178213131999e-01
-1.663477484047696728e-02 -9.683164994489050492e-02
-1.070288698429328229e-02 -6.412799808012867309e-02
3.446562162082109082e-02 -3.626770115878183431e-02
8.629287842073989079e-02 -2.110694768892772188e+00
1.686444638575258226e-01 -2.121412151809078939e+00
-7.291908679128106772e-03 -2.120091795534006618e+00
2.383528131521696070e-01 -2.196206908676717973e+00
1.476527121407168186e-01 -2.024447138775782751e+00
4.298350540136157694e-01 -2.296788259395185161e+00
3.019830152826747521e-02 -1.846293589957607173e+00
2.893303420682586183e-02 -1.720513372835129173e+00
2.746134978429733142e-02 -1.602894741136998258e+00
2.695605206695950856e-02 -1.489634018618283262e+00
2.583281303053906047e-02 -1.380113687632464003e+00
2.519197169580528542e-02 -1.274364666880236863e+00
2.402536189623334997e-02 -1.171425930728791753e+00
2.333622053962667794e-02 -1.072439522823462887e+00
2.217372520998467031e-02 -9.769982601408173650e-01
2.100697107573134409e-02 -8.847732260193192921e-01
1.985251951552053501e-02 -7.967995952134654392e-01
1.870087296518267023e-02 -7.127300792584847500e-01
1.754987793866147339e-02 -6.326818910989470135e-01
1.639773577602551130e-02 -5.567732980496599149e-01
1.524329477795657167e-02 -4.851227312493205379e-01
1.408458887772032556e-02 -4.178495595633824888e-01
1.292061838232699648e-02 -3.550705747310743954e-01
1.175116758652368538e-02 -2.969047931034975440e-01
1.057561849215603658e-02 -2.434703866690928475e-01
9.399897692575657354e-03 -1.951128855120448646e-01
8.032495497551812857e-03 -1.516667668406965208e-01
6.737175176392961630e-03 -1.143317133855009937e-01
3.634419953142679210e-02 -2.597548403061515632e-02
3.348752282691440374e-02 -1.991567636634731464e+00
5.617382227999734301e-03 -8.564641918427062794e-02
